Prekes prekyboje
----------------------------------------------------------------------
| Prekiu kiekis     | Prekes kaina      | Prekes galiojimo laikas    |
----------------------------------------------------------------------
|5                  |              20.45|                     20140315|
|15                 |              10.95|                     20140425|
|7                  |                4.5|                     20140627|
|8                  |              15.85|                     20150121|
|6                  |               4.56|                     20141228|
|10                 |               12.3|                     20140312|
|12                 |                 15|                     20140225|
|11                 |               8.69|                     20140315|
|30                 |               7.89|                     20140315|
|4                  |               9.69|                     20140817|
|5                  |               6.98|                     20140521|
|8                  |               8.78|                     20140624|
|6                  |              14.98|                     20140228|
|12                 |               2.18|                     20140225|
----------------------------------------------------------------------
2
12
185.34
